3998,MIKU_TV,Zombie Master,Zombie Master,62,14211,0,7610,2826,1,824,1084,37,26,25,20,30,5,77,35,10,12,1,1,29,0x3695,175,2612,912,288,0,0,0,0,0,0,0,7071,4413,938,1500,958,1500,723,200,727,100,1260,1,2324,2,0,0,0,0,4274,1

//3334,NIGHTMARE_MUMMY,Nightmare Mummy,Nightmare Mummy,56,7764,0,1200,903,1,458,540,0,15,42,29,48,0,95,30,10,12,1,1,49,0x3885,300,1772,72,384,0,0,0,0,0,0,0,930,9000,756,100,934,550,2604,1,2611,10,525,250,508,850,0,0,0,0,4106,1
//3335,NIGHTMARE_MATYR,Nightmare Matyr,Nightmare Matyr,47,3878,0,1451,611,1,201,240,0,0,2,71,57,8,96,8,10,12,1,2,27,0x3095,150,432,432,360,0,0,0,0,0,0,0,2618,10,528,5000,919,5500,537,400,757,100,514,200,0,0,0,0,0,0,4097,1
//3336,NIGHTMARE_ISIS,Nightmare Isis,Nightmare Isis,71,10505,0,5564,2325,1,635,761,15,53,57,98,65,75,99,23,10,12,2,6,27,0x2003095,200,1384,768,336,0,0,0,0,0,0,0,936,5335,2233,5,2603,1,733,150,732,20,954,1000,731,5,0,0,0,0,4116,1
//3337,NIGHTMARE_MIMIC,Nightmare Mimic,Nightmare Mimic,77,9180,273,248,248,1,225,1350,15,60,66,182,2,90,113,165,10,12,1,0,60,0x3095,100,972,500,288,0,0,0,0,0,0,0,617,5,603,45,1065,1200,611,3000,714,3,2626,1,757,270,0,0,0,0,4205,1
//3338,NIGHTMARE_OSIRIS,Nightmare Osiris,Nightmare Osiris,117,623100,0,107250,42900,1,1170,4320,15,38,2,113,45,56,129,60,10,12,1,1,89,0x6283695,100,1072,672,384,53625,603,4000,608,3000,751,500,617,2000,1232,150,2235,200,1255,600,1009,1000,5053,150,1285,100,0,0,0,0,4144,1
		
//3339,NIGHTMARE_CLOCK,Nightmare Clock,Nightmare Clock,90,16575,0,5115,4356,1,1080,1364,23,15,2,105,75,38,135,75,10,12,1,0,42,0x91,200,1092,792,480,0,0,0,0,0,0,0,1095,5335,1019,800,509,1900,568,320,7026,30,7027,30,985,163,0,0,0,0,4299,1
//3340,NIGHTMARE_ALARM,Nightmare Alarm,Nightmare Alarm,87,15971,0,5981,3450,1,720,900,23,23,2,93,108,15,128,68,10,12,1,0,60,0x3695,300,1020,500,768,0,0,0,0,0,0,0,1095,5335,2607,1,7005,1500,611,1300,984,105,7026,20,912,1500,0,0,0,0,4244,1
//3341,NIGHTMARE_RIDEWORD,Nightmare Rideword,Nightmare Rideword,89,17457,0,3011,4659,1,876,1206,8,53,72,113,15,30,180,68,10,12,0,0,60,0x3695,150,864,500,192,0,0,0,0,0,0,0,1097,4850,1553,4,1554,4,1555,2,1556,2,7015,300,1006,20,0,0,0,0,4185,1
//3342,NIGHTMARE_DEVIRUCHI,Nightmare Deviruchi,Nightmare Deviruchi,69,9666,0,3993,1917,1,713,840,15,38,2,104,60,83,105,45,10,12,0,6,27,0x2003695,150,980,600,384,0,0,0,0,0,0,0,1038,5335,1039,400,984,2,1458,2,1009,5,912,1500,756,154,0,0,0,0,4122,1
//3343,NIGHTMARE_BAPHOMET,Nightmare Baphomet,Nightmare Baphomet,122,1002000,0,160875,56843,2,4830,6060,53,68,2,228,45,128,180,143,10,12,2,6,67,0x6283695,100,768,768,576,80438,607,2000,750,500,923,5000,1466,400,2256,300,1476,50,714,500,5160,10,985,5432,984,4171,0,0,0,0,4147,1

//3344,NIGHTMARE_FTB,Nightmare Female Thief Bug,Nightmare Female Thief Bug,15,255,0,53,27,1,50,60,8,8,2,23,15,8,35,8,10,12,1,4,27,0x200108B,200,988,288,768,0,0,0,0,0,0,0,955,3500,910,250,1108,15,928,200,507,400,716,50,1002,300,0,0,0,0,4026,1
//3345,NIGHTMARE_MTB,Nightmare Male Thief Bug,Nightmare Male Thief Bug,29,875,0,335,140,1,114,132,23,8,2,44,24,8,54,0,10,12,1,4,27,0x200308D,300,988,288,768,0,0,0,0,0,0,0,1011,40,928,5500,955,1500,1152,10,508,90,729,5,1116,50,0,0,0,0,4050,1
//3346,NIGHTMARE_TB,Nightmare Thief Bug,Nightmare Thief Bug,9,189,0,26,8,1,27,36,8,0,2,9,9,0,17,0,10,12,0,4,60,0x200108B,150,1288,288,768,0,0,0,0,0,0,0,955,2500,2304,80,507,350,909,2000,2303,120,1002,250,0,0,0,0,0,0,4016,1
//3347,NIGHTMARE_DRAINLIAR,Nightmare Drainliar,Nightmare Drainliar,36,1743,0,647,264,1,111,126,0,0,2,54,36,0,117,0,10,12,0,2,47,0x3095,250,1276,576,384,0,0,0,0,0,0,0,1011,60,913,3000,725,20,507,1000,7006,5500,7006,1500,756,40,0,0,0,0,4069,1
//3348,NIGHTMARE_GTB,Nightmare Golden Thief Bug,Nightmare Golden Thief Bug,96,189000,0,21450,10725,1,1305,1718,90,68,98,113,53,68,128,225,10,12,2,4,43,0x628108B,100,768,768,480,10725,2610,2000,701,1000,0,0,969,1000,1524,150,2246,250,10016,500,714,300,985,2000,984,1500,0,0,0,0,4128,1

//3349,NIGHTMARE_ZPRISONER,Nightmare Zombie Prisoner,Nightmare Zombie Prisoner,80,16920,0,3953,2586,1,1170,1395,15,30,2,36,59,0,108,38,10,12,1,1,69,0x308D,350,1768,500,192,0,0,0,0,0,0,0,1099,3500,7016,105,2266,1,716,600,930,3500,2408,39,985,112,0,0,0,0,4275,1
//3350,NIGHTMARE_BRILIGHT,Nightmare Brilight,Nightmare Brilight,69,8343,0,2739,1997,1,447,575,45,8,2,135,23,15,75,53,10,12,0,4,23,0x2003095,200,1500,500,1000,0,0,0,0,0,0,0,7009,5335,992,200,912,1200,602,1000,757,220,610,250,509,2600,0,0,0,0,4213,1
//3351,NIGHTMARE_SPRISONER,Nightmare Skeleton Prisoner,Nightmare Skeleton Prisoner,78,13037,0,3699,2343,1,990,1335,15,30,83,30,54,0,114,38,10,12,1,1,69,0x308D,350,1848,500,576,0,0,0,0,0,0,0,1098,3500,7016,100,2320,1,716,600,930,3500,2408,35,934,1500,0,0,0,0,4222,1
//3352,NIGHTMARE_HUNTERFLY,Nightmare Hunter Fly,Nightmare Hunter Fly,63,7863,0,2276,1428,1,369,500,38,23,50,158,48,23,108,45,10,12,0,4,44,0x2003885,150,676,576,480,0,0,0,0,0,0,0,996,30,999,100,943,5335,912,1300,756,129,2259,1,1226,2,0,0,0,0,4115,1
//3353,NIGHTMARE_DARK_LORD,Nightmare Dark Lord,Nightmare Dark Lord,120,1080000,0,98670,67568,2,4200,4980,45,105,2,180,45,177,149,90,10,12,2,6,89,0x6283695,100,868,768,480,49335,7005,6000,5093,500,617,2000,1615,800,2004,100,1237,300,2334,300,2507,100,985,5141,5162,10,0,0,0,0,4168,1

//3354,NIGHTMARE_MUNAK,Nightmare Munak,Nightmare Munak,45,4308,0,902,477,1,225,345,0,0,2,23,30,8,69,23,10,12,1,1,29,0x3885,200,2468,768,288,0,0,0,0,0,0,0,901,9000,2264,2,2404,15,609,20,2337,1,2305,100,1558,5,0,0,0,0,4090,1
//3355,NIGHTMARE_BONGUN,Nightmare Bongun,Nightmare Bongun,48,5280,0,636,363,1,330,390,0,0,68,23,54,15,72,23,10,12,1,1,29,0x3095,200,1720,500,420,0,0,0,0,0,0,0,1094,5500,7014,40,618,60,5046,1,609,15,508,1000,508,1250,0,0,0,0,4212,1
//3356,NIGHTMARE_SOHEE,Nightmare Sohee,Nightmare Sohee,50,8442,0,1109,683,1,315,377,0,15,2,50,50,15,87,23,10,12,1,6,21,0x2000091,250,2112,912,576,0,0,0,0,0,0,0,1020,9000,1049,50,2277,1,2504,5,1217,5,507,1000,662,350,0,0,0,0,4100,1
//3357,NIGHTMARE_NINETAIL,Nightmare Nine Tail,Nightmare Nine Tail,77,11649,0,4218,1238,1,915,1101,15,38,2,120,69,2,111,128,10,12,1,2,63,0x3695,150,840,540,480,0,0,0,0,0,0,0,1022,4656,746,200,603,100,604,100,526,250,525,350,756,100,0,0,0,0,4159,1
//3358,NIGHTMARE_MOONLIGHT,Nightmare Moonlight Flower,Nightmare Moonlight Flower,101,180000,0,41250,21450,1,1800,2550,15,83,83,149,83,123,143,180,10,12,1,6,63,0x6283695,150,1276,576,288,20625,1022,5000,504,1500,728,500,1477,500,1234,100,1525,150,10008,500,638,650,985,2600,1648,100,0,0,0,0,4131,1
